[((120, 350), (239, 469)), ((518, 428), (629, 532))]
[((120, 350), (239, 469)), ((518, 428), (629, 532))]
[((888, 376), (962, 450)), ((555, 454), (629, 528))]
[((518, 428), (629, 532))]
[((540, 443), (629, 532))]
[((510, 428), (659, 553))]
[((1184, 402), (1258, 476)), ((510, 443), (629, 532))]
[((540, 443), (629, 532))]
[((480, 434), (659, 553))]
[((925, 376), (999, 450)), ((480, 434), (659, 553))]
[((480, 428), (659, 553))]
[((450, 428), (659, 563))]
[((518, 428), (629, 532))]
[((480, 428), (629, 553))]
[((480, 428), (599, 553))]
[((960, 350), (1079, 469)), ((510, 476), (569, 535)), ((420, 581), (479, 640))]
[((960, 350), (1079, 469)), ((510, 476), (569, 535))]
[((510, 476), (569, 535))]
[]
[]
[((990, 392), (1049, 451)), ((510, 476), (569, 535))]
[((510, 455), (599, 535))]
[((1020, 350), (1139, 469))]
[((1020, 350), (1147, 469))]
[((540, 434), (599, 493))]
[]
[]
[((540, 434), (629, 532))]
[]
[((1020, 350), (1199, 469)), ((540, 455), (599, 514))]
[((1020, 350), (1199, 469)), ((480, 434), (599, 553))]
[((518, 454), (592, 528))]
[((540, 455), (599, 514))]
[((1221, 376), (1279, 450)), ((540, 455), (599, 514))]
[((960, 350), (1079, 469))]
[]
[((518, 428), (592, 502))]
[((540, 455), (599, 514))]
[((540, 455), (599, 514))]
[((1020, 350), (1139, 469)), ((1200, 413), (1259, 472)), ((480, 434), (599, 553))]
[((1080, 381), (1169, 470)), ((1221, 402), (1279, 476)), ((540, 455), (599, 514))]
[((1020, 350), (1139, 469)), ((1230, 413), (1279, 472)), ((540, 455), (599, 514))]
[]
[((518, 454), (599, 528))]
[((480, 434), (599, 553))]
[((1140, 392), (1259, 511)), ((540, 443), (629, 532))]
[]
[((1170, 381), (1259, 470))]
[((480, 434), (629, 553))]
[((1080, 350), (1199, 469)), ((480, 434), (629, 553))]
[((480, 434), (629, 553))]
[((481, 443), (629, 532))]
[((510, 443), (629, 535))]
[((510, 476), (569, 535))]
[((510, 476), (569, 535))]
[((481, 454), (569, 535))]
[]
[]
[]
[((481, 454), (555, 528))]
[((480, 350), (599, 469))]
[]
[((540, 434), (599, 493))]
[((540, 443), (629, 532))]
[((540, 434), (629, 532))]
[((540, 434), (629, 532))]
[((540, 434), (599, 493))]
[]
[((480, 434), (629, 553))]
[((540, 443), (629, 532)), ((360, 581), (419, 640))]
[]
[]
[]
[]
[]
[]
[((120, 350), (239, 469))]
[((120, 350), (239, 469)), ((900, 350), (959, 409))]
[((120, 350), (239, 469))]
[((120, 350), (239, 469))]
[]
[]
[]
[]
[]
[((480, 392), (599, 511))]
[((480, 392), (599, 511))]
[((480, 392), (599, 511))]
[]
[]
[]
[]
[]
[]
[]
[]
[]
[]
[]
[]
[((960, 350), (1079, 469))]
[((960, 350), (1079, 469))]
[]
[]
[]
[((999, 376), (1073, 450))]
[]
[]
[((1035, 381), (1124, 470)), ((540, 455), (599, 514))]
[((1020, 350), (1139, 470)), ((540, 455), (599, 514))]
[((1020, 350), (1139, 470))]
[((1035, 381), (1124, 470)), ((540, 455), (599, 514))]
[((1080, 392), (1199, 511)), ((540, 434), (599, 493))]
[((1020, 350), (1169, 470)), ((518, 428), (599, 514))]
[((1080, 381), (1169, 470)), ((1221, 454), (1279, 528)), ((540, 455), (599, 514))]
[((1080, 350), (1279, 514)), ((518, 428), (599, 514)), ((407, 558), (481, 632))]
[((1080, 350), (1214, 470)), ((518, 428), (592, 502))]
[((1080, 350), (1199, 469)), ((540, 455), (599, 514))]
[]
[((1080, 350), (1214, 470)), ((518, 428), (592, 502))]
[((1080, 350), (1258, 502)), ((840, 392), (899, 451)), ((540, 455), (599, 514))]
[((518, 428), (592, 502)), ((1200, 455), (1259, 514))]
[((1140, 350), (1279, 514))]
[((1140, 350), (1259, 514)), ((518, 428), (592, 502))]
[((518, 428), (592, 502))]
[((518, 428), (599, 514)), ((1170, 443), (1259, 532))]
[((518, 428), (599, 514)), ((1170, 443), (1259, 532))]
[((888, 376), (962, 450)), ((518, 428), (599, 514))]
[((518, 428), (592, 502))]
[((1170, 455), (1229, 514))]
[((1170, 434), (1229, 514))]
[((925, 376), (999, 450)), ((540, 455), (599, 514)), ((1170, 455), (1229, 514))]
[((925, 376), (999, 451)), ((518, 428), (599, 514)), ((1170, 455), (1229, 514))]
[((540, 455), (599, 514))]
[((1125, 428), (1221, 532)), ((480, 434), (599, 553))]
[((1125, 412), (1214, 532)), ((540, 455), (599, 514))]
[((1125, 412), (1214, 501)), ((518, 428), (592, 502))]
[((37, 402), (111, 476)), ((518, 428), (592, 502)), ((1140, 434), (1199, 493))]
[((960, 376), (1073, 451)), ((0, 381), (89, 472))]
[((0, 413), (59, 472)), ((540, 434), (629, 532)), ((1140, 434), (1199, 493))]
[((518, 428), (659, 553)), ((1140, 434), (1199, 493))]
[((990, 376), (1110, 470)), ((1140, 434), (1199, 493)), ((540, 443), (629, 532))]
[((480, 350), (659, 553)), ((1035, 381), (1214, 532))]
[((480, 350), (629, 532)), ((1020, 350), (1139, 469))]
[((480, 350), (599, 469)), ((1020, 350), (1199, 514))]
[((480, 350), (599, 469)), ((1080, 350), (1169, 470))]
[((480, 350), (629, 532)), ((1110, 350), (1184, 424)), ((1110, 428), (1184, 502))]
[((1080, 381), (1199, 511))]
[((480, 350), (599, 469)), ((1080, 350), (1221, 511))]
[((1110, 428), (1184, 502))]
[((1080, 392), (1199, 511))]
[((1110, 434), (1169, 493))]
[((1110, 428), (1184, 502)), ((420, 560), (479, 619))]
[((1110, 434), (1169, 493))]
[((1110, 434), (1169, 493))]
[((1080, 392), (1199, 511))]
[((1170, 412), (1279, 514))]
[((1080, 412), (1169, 501)), ((1221, 428), (1279, 514))]
[((1080, 412), (1169, 501)), ((1230, 455), (1279, 514))]
[]
[]
[((1221, 376), (1279, 450))]
[((1140, 392), (1259, 514)), ((450, 539), (509, 598))]
[((1140, 392), (1259, 511))]
[((1080, 392), (1259, 511)), ((540, 443), (629, 532))]
[((480, 350), (599, 469)), ((1073, 392), (1259, 511))]
[((1073, 392), (1259, 511))]
[((1073, 381), (1259, 511))]
[((1073, 381), (1259, 511))]
[((1140, 376), (1259, 511)), ((1035, 412), (1124, 501))]
[((1035, 392), (1259, 532))]
[((1140, 392), (1259, 511)), ((1035, 412), (1124, 501))]
[((1140, 392), (1259, 511))]
[((1035, 392), (1259, 511)), ((540, 443), (629, 532))]
[((1125, 392), (1259, 553))]
[((1020, 392), (1229, 511))]
[((1125, 392), (1229, 514)), ((1036, 428), (1110, 502))]
[((1125, 392), (1229, 502)), ((1036, 428), (1110, 502))]
[((1035, 392), (1259, 511))]
[((1020, 392), (1259, 511))]
[((1020, 392), (1259, 511)), ((540, 455), (599, 514))]
[((1035, 392), (1259, 511))]
[((1020, 392), (1259, 511)), ((540, 455), (599, 514))]
[((1020, 376), (1221, 511)), ((540, 443), (629, 532))]
[((1125, 412), (1214, 501)), ((540, 455), (599, 514))]
[((1035, 412), (1214, 501)), ((540, 443), (629, 532))]
[((1020, 392), (1199, 511)), ((540, 443), (629, 532))]
[((1035, 412), (1124, 502))]
[((1036, 428), (1110, 502)), ((540, 455), (599, 514))]
[((1036, 428), (1110, 502)), ((518, 434), (659, 553)), ((1125, 443), (1214, 532))]
[((1036, 428), (1110, 502)), ((1125, 443), (1214, 532)), ((540, 455), (599, 514))]
[((1080, 392), (1199, 511)), ((540, 455), (599, 514))]
[((1036, 392), (1199, 511)), ((540, 454), (629, 528))]
[((1036, 392), (1199, 511)), ((518, 443), (629, 532))]
[((1080, 392), (1199, 514)), ((518, 428), (629, 532))]
[((1080, 392), (1199, 511)), ((480, 434), (629, 553))]
[((1080, 392), (1199, 511)), ((540, 434), (629, 532))]
[((1080, 392), (1199, 511)), ((540, 443), (629, 532))]
[((1080, 392), (1199, 511)), ((540, 412), (629, 532))]
[((1080, 392), (1199, 511)), ((540, 443), (629, 532))]
[((1080, 392), (1199, 511)), ((540, 443), (629, 532))]
[((1080, 392), (1199, 511))]
[((1020, 392), (1199, 511)), ((540, 443), (629, 532))]
[((1020, 392), (1199, 511))]
[((1020, 392), (1199, 511))]
[((1080, 392), (1199, 511))]
[((1080, 392), (1199, 511))]
[((1080, 392), (1199, 511))]
[((1080, 392), (1199, 511)), ((540, 455), (599, 514))]
[((1080, 392), (1199, 511)), ((540, 443), (629, 532))]
[((1080, 392), (1199, 511)), ((540, 443), (629, 532))]
[((1080, 392), (1199, 511))]
[((1080, 392), (1199, 511)), ((540, 443), (629, 532))]
[((1080, 392), (1199, 511)), ((480, 434), (599, 553))]
[((1020, 392), (1199, 511)), ((480, 434), (599, 553))]
[((1020, 392), (1199, 511)), ((480, 434), (599, 553))]
[((180, 371), (239, 430)), ((1020, 392), (1199, 511)), ((518, 454), (599, 528))]
[((1020, 392), (1199, 511)), ((480, 434), (599, 553))]
[((1020, 392), (1199, 511))]
[((1020, 392), (1199, 511))]
[((1020, 392), (1199, 511))]
[((180, 392), (299, 511)), ((1073, 392), (1199, 511)), ((480, 434), (599, 553))]
[((1073, 392), (1259, 511))]
[((120, 350), (239, 469)), ((990, 392), (1199, 511))]
[((180, 392), (299, 511)), ((990, 392), (1199, 511))]
[((777, 376), (851, 450)), ((1073, 392), (1199, 511))]
[((270, 350), (359, 439)), ((990, 392), (1199, 511))]
[((810, 392), (888, 476)), ((999, 392), (1199, 511)), ((333, 402), (407, 476)), ((390, 581), (449, 640))]
[((1073, 412), (1169, 502))]
[((1073, 402), (1169, 502))]
[((480, 392), (599, 511)), ((1073, 412), (1169, 502))]
[((999, 412), (1169, 502))]
[((480, 392), (599, 511)), ((900, 412), (989, 501)), ((1073, 428), (1147, 502))]
[((1073, 428), (1147, 502))]
[((180, 392), (299, 511)), ((480, 392), (599, 511)), ((840, 392), (989, 511)), ((1073, 428), (1147, 502))]
[((120, 392), (239, 511)), ((1073, 402), (1147, 502))]
[((480, 392), (599, 511)), ((840, 392), (959, 511)), ((1020, 392), (1147, 511))]
[((1073, 392), (1259, 511)), ((960, 413), (1049, 493))]
[((855, 412), (944, 501)), ((960, 413), (1019, 472)), ((1073, 428), (1147, 502))]
[((960, 392), (1259, 511))]
[((960, 392), (1214, 511))]
[((1020, 392), (1147, 511))]
[((480, 392), (599, 511)), ((960, 392), (1259, 511))]
[((120, 392), (239, 511)), ((960, 392), (1259, 511))]
[((990, 392), (1259, 511))]
[((1020, 392), (1147, 511))]
[((960, 392), (1139, 514))]
[((120, 392), (239, 511)), ((990, 392), (1139, 511))]
[((990, 392), (1139, 511))]
[((960, 392), (1139, 511))]
[((960, 392), (1139, 511)), ((1230, 434), (1279, 493))]
[((930, 392), (989, 451)), ((1020, 392), (1139, 511))]
[((990, 392), (1139, 511))]
[((900, 392), (1139, 511))]
[((990, 392), (1139, 511))]
[((0, 350), (119, 469)), ((960, 392), (1139, 511))]
[((45, 381), (134, 470)), ((990, 392), (1139, 511))]
[((45, 381), (134, 470)), ((990, 392), (1139, 511))]
[((480, 392), (599, 511)), ((945, 392), (1139, 511))]
[((0, 350), (119, 469)), ((962, 392), (1139, 511))]
[((0, 350), (119, 469)), ((962, 381), (1139, 511)), ((480, 392), (599, 511))]
[((0, 350), (119, 469)), ((945, 381), (1139, 511)), ((1170, 412), (1259, 502)), ((540, 434), (599, 493))]
[((0, 350), (119, 469)), ((1020, 392), (1139, 511)), ((1170, 412), (1259, 502))]
[((0, 350), (119, 469)), ((1020, 392), (1259, 511))]
[((0, 381), (89, 470)), ((1020, 392), (1259, 511))]
[((1020, 392), (1259, 511))]
[((1020, 392), (1259, 511))]
[((1020, 392), (1259, 511))]
[((1020, 392), (1259, 528))]
[((1020, 392), (1259, 511)), ((540, 434), (599, 493))]
[((1020, 392), (1259, 528))]
[((1020, 392), (1139, 511)), ((1170, 412), (1259, 502))]
[((1020, 392), (1139, 511)), ((1184, 428), (1258, 502))]
[((1020, 392), (1139, 511))]
[((1020, 392), (1139, 511)), ((1170, 443), (1259, 532))]
[((1020, 392), (1259, 514))]
[((1020, 392), (1259, 511)), ((555, 428), (629, 502))]
[((1020, 350), (1259, 511))]
[((1020, 392), (1279, 511))]
[((1221, 376), (1279, 450)), ((1020, 392), (1139, 511))]
[((1020, 371), (1279, 511))]
[((960, 392), (1139, 511))]
[((962, 392), (1139, 511)), ((1200, 434), (1259, 493))]
[((925, 392), (1139, 511))]
[((960, 392), (1139, 511))]
[((851, 376), (925, 450)), ((962, 392), (1139, 511)), ((1200, 434), (1279, 493))]
[((1020, 392), (1279, 511))]
[((851, 376), (925, 450)), ((1020, 392), (1279, 511)), ((390, 581), (449, 640))]
[((851, 376), (929, 451)), ((1020, 392), (1199, 511)), ((1230, 434), (1279, 493))]
[((960, 392), (1139, 511)), ((1230, 434), (1279, 493))]
[((900, 350), (1199, 511)), ((1230, 434), (1279, 493))]
[((900, 392), (1199, 511))]
[((900, 392), (1199, 514))]
[((900, 392), (1229, 514))]
[((900, 392), (1229, 514))]
[((1020, 392), (1221, 511))]
[((1020, 392), (1221, 511))]
[((1020, 392), (1221, 511))]
[((1020, 392), (1221, 511))]
[((945, 392), (1229, 514))]
[((990, 392), (1229, 514))]
[((990, 392), (1221, 511))]
[((990, 392), (1221, 511))]
[((900, 392), (1221, 511))]
[((900, 392), (1199, 511))]
[((900, 392), (1221, 511))]
[((135, 350), (224, 439)), ((900, 392), (1214, 511))]
[((945, 392), (1214, 511))]
[((990, 392), (1199, 511))]
[((990, 392), (1214, 511))]
[((990, 412), (1079, 502)), ((1125, 412), (1214, 514))]
[((990, 392), (1214, 511))]
[((990, 412), (1079, 502))]
[((37, 376), (111, 450)), ((960, 412), (1079, 502))]
[((900, 392), (1079, 511)), ((1125, 412), (1214, 501))]
[((990, 412), (1079, 502)), ((900, 434), (959, 493))]
[((900, 392), (1259, 511))]
[((900, 392), (1199, 511))]
[((0, 381), (89, 470)), ((990, 392), (1199, 511))]
[((0, 376), (74, 450)), ((945, 392), (1199, 511))]
[((0, 392), (59, 451)), ((888, 392), (1199, 514))]
[((990, 392), (1199, 514))]
[((960, 392), (1199, 514))]
[((960, 392), (1199, 514))]
[((990, 392), (1199, 514))]
[((990, 392), (1199, 511))]
[((990, 350), (1199, 511))]
[((990, 392), (1229, 511))]
[((925, 392), (1199, 511))]
[((990, 392), (1259, 511))]
[((925, 412), (1079, 502)), ((1221, 428), (1279, 502))]
[((990, 412), (1079, 502))]
[((990, 412), (1079, 502))]
[((990, 412), (1079, 502))]
[((990, 412), (1079, 502)), ((1110, 428), (1229, 514))]
[((1110, 392), (1259, 511)), ((990, 412), (1079, 502))]
[((1110, 392), (1259, 511)), ((990, 412), (1079, 502))]
[((990, 412), (1184, 528))]
[((1140, 392), (1259, 511)), ((990, 412), (1124, 502))]
[((990, 412), (1124, 501))]
[((925, 392), (1259, 511))]
[((925, 392), (1079, 511))]
[((925, 392), (1259, 511))]
[((925, 392), (1124, 511)), ((1147, 428), (1221, 502))]
[((990, 350), (1214, 511)), ((1230, 392), (1279, 451))]
[((990, 381), (1259, 511))]
[((960, 381), (1259, 514))]
[((990, 381), (1279, 511))]
[((960, 392), (1259, 511))]
[((960, 381), (1259, 511))]
[((960, 376), (1259, 511))]
[((1140, 392), (1259, 511)), ((990, 413), (1049, 493))]
[((1200, 392), (1259, 451)), ((900, 412), (1049, 501)), ((1073, 428), (1147, 502))]
[((1073, 412), (1169, 502)), ((990, 434), (1049, 493))]
[((1140, 381), (1259, 511)), ((990, 412), (1124, 501))]
[((960, 392), (1259, 511))]
[((1184, 376), (1259, 451)), ((960, 392), (1139, 511))]
[((1020, 392), (1279, 511))]
[((1170, 350), (1279, 451)), ((1035, 381), (1147, 502))]
[((960, 381), (1259, 511))]
[((1020, 350), (1259, 511)), ((315, 412), (404, 501))]
[((1020, 392), (1147, 511))]
[((1020, 392), (1147, 511))]
[((990, 392), (1184, 511))]
[((960, 392), (1214, 511))]
[((960, 392), (1214, 511))]
[((1020, 376), (1184, 511))]
[((990, 371), (1199, 511))]
[((962, 350), (1214, 511))]
[((962, 392), (1169, 511))]
[((960, 392), (1184, 511))]
[((945, 392), (1199, 511))]
[((945, 350), (1259, 511))]
[((945, 350), (1279, 511))]
[((945, 392), (1124, 511))]
[((1221, 350), (1279, 424)), ((945, 412), (1184, 502))]
[((1230, 371), (1279, 430)), ((900, 381), (1169, 511))]
[((945, 412), (1184, 502))]
[((945, 412), (1184, 502))]
[((945, 350), (1259, 502))]
[((945, 350), (1258, 502))]
[((840, 350), (1259, 511))]
[((0, 350), (119, 469)), ((1035, 371), (1199, 502)), ((840, 392), (959, 511))]
[((840, 350), (1229, 511))]
[((840, 392), (1124, 511))]
[((840, 392), (1147, 511))]
[((840, 392), (1147, 511))]
[((1125, 350), (1214, 439)), ((960, 381), (1110, 511))]
[((960, 381), (1169, 511)), ((0, 455), (59, 514))]
[((1147, 350), (1258, 424)), ((900, 392), (1139, 511))]
[((960, 371), (1229, 511))]
[]
[((1170, 350), (1259, 439)), ((870, 371), (929, 430)), ((1036, 428), (1110, 502))]
[((1170, 350), (1259, 439)), ((930, 413), (989, 472))]
[((1200, 371), (1259, 430)), ((925, 402), (999, 476))]
[((930, 413), (989, 472)), ((1073, 428), (1147, 502))]
[((1221, 350), (1279, 430)), ((900, 381), (1147, 511))]
[((925, 376), (999, 476))]
[((930, 392), (1079, 511))]
[((1170, 350), (1259, 439)), ((900, 381), (1079, 511))]
[((1170, 350), (1259, 439)), ((925, 392), (1079, 511))]
[((930, 350), (1139, 511)), ((1184, 350), (1258, 424))]
[((1140, 350), (1258, 424)), ((925, 392), (1079, 511))]
[((1125, 350), (1214, 439)), ((930, 392), (1079, 511))]
[((930, 350), (1124, 511))]
[((930, 371), (1109, 511))]
[((925, 350), (1124, 511))]
[((925, 392), (1079, 511))]
[((925, 392), (1110, 511))]
[((925, 350), (1147, 511))]
[((930, 350), (1169, 511))]
[((930, 350), (1169, 511))]
[((900, 392), (1109, 511))]
[((960, 392), (1079, 511))]
[((1200, 350), (1259, 409)), ((925, 392), (1079, 511))]
[((1170, 392), (1258, 502)), ((925, 402), (1109, 502))]
[((1140, 350), (1199, 409)), ((925, 402), (999, 476))]
[((962, 376), (1036, 450))]
[((925, 350), (1079, 476))]
[((900, 371), (1019, 511)), ((1073, 376), (1147, 451))]
[((925, 392), (1019, 476)), ((1080, 392), (1139, 451))]
[]
[]
[((1110, 376), (1184, 450))]
[]
[((1035, 392), (1199, 511))]
[((1080, 350), (1214, 501))]
[((1080, 392), (1258, 511))]
[((1125, 350), (1259, 476))]
[((1140, 350), (1259, 476)), ((1035, 412), (1124, 501))]
[((960, 350), (1169, 501))]
[((1080, 350), (1259, 511))]
[((1080, 350), (1259, 511))]
[((960, 350), (1079, 501)), ((1140, 350), (1259, 511))]
[((1140, 350), (1259, 511)), ((900, 413), (959, 472))]
[((1170, 350), (1259, 451)), ((900, 413), (959, 472)), ((990, 434), (1079, 493))]
[((900, 381), (1079, 511))]
[((1184, 350), (1258, 424)), ((900, 392), (1079, 511)), ((1147, 428), (1221, 502))]
[((1125, 350), (1259, 472)), ((900, 413), (959, 472)), ((990, 434), (1049, 493))]
[((900, 350), (1079, 472))]
[((814, 376), (888, 450)), ((1221, 376), (1279, 451)), ((900, 413), (959, 472)), ((1020, 434), (1079, 493))]
[((1140, 350), (1259, 469)), ((900, 381), (1124, 501))]
[((1140, 350), (1259, 469)), ((870, 392), (1036, 511))]
[((888, 381), (1036, 501))]
[((720, 350), (839, 469)), ((1140, 350), (1259, 469)), ((888, 402), (1034, 501))]
[((888, 402), (1036, 501))]
[((1140, 350), (1259, 469)), ((888, 402), (1036, 501))]
[((777, 402), (851, 476)), ((888, 402), (1079, 501))]
[((888, 402), (962, 476)), ((1020, 434), (1079, 493))]
[((851, 392), (1079, 511))]
[((888, 392), (1079, 511))]
[((888, 402), (1036, 476))]
[((888, 402), (962, 476)), ((1020, 434), (1079, 493))]
[((888, 402), (962, 476)), ((1020, 434), (1079, 493))]
[((900, 413), (959, 472)), ((1020, 434), (1079, 493))]
[((37, 402), (111, 476)), ((888, 402), (1079, 493))]
[((888, 350), (1034, 476)), ((37, 402), (111, 476))]
[((30, 402), (111, 476)), ((888, 402), (1036, 476))]
[((888, 402), (1036, 476)), ((30, 413), (89, 472))]
[((30, 350), (179, 472)), ((900, 381), (1079, 511))]
[((840, 376), (1147, 511))]
[((900, 392), (1079, 511)), ((0, 412), (89, 501))]
[((888, 402), (1036, 501))]
[((888, 350), (1079, 476)), ((1170, 381), (1259, 470)), ((0, 402), (74, 476))]
[((900, 350), (1079, 472)), ((1125, 381), (1214, 470)), ((420, 413), (479, 472))]
[((900, 412), (1079, 501)), ((420, 413), (479, 472))]
[((900, 413), (959, 472)), ((1020, 434), (1079, 493))]
[((945, 412), (1034, 501))]
[((900, 392), (1034, 511))]
[((900, 392), (1019, 511))]
[((900, 392), (1019, 511))]
[((900, 392), (1019, 511))]
[((900, 392), (1019, 511))]
[((900, 381), (1019, 511)), ((1035, 381), (1124, 470)), ((390, 413), (449, 472))]
[((900, 350), (1147, 511)), ((390, 413), (449, 472))]
[((900, 350), (1139, 511))]
[((888, 381), (1019, 511)), ((1035, 381), (1124, 470))]
[((900, 350), (1199, 511)), ((370, 402), (444, 476))]
[((888, 402), (999, 476)), ((1170, 413), (1229, 472))]
[((888, 392), (1019, 511)), ((370, 402), (444, 476)), ((1035, 412), (1124, 501))]
[((888, 350), (1258, 511))]
[((888, 350), (1169, 476)), ((1184, 402), (1258, 476))]
[((888, 350), (1169, 511))]
[((1125, 381), (1259, 493)), ((888, 392), (1019, 511))]
[((888, 350), (1221, 511))]
[((888, 371), (1259, 511))]
[((1073, 376), (1279, 502)), ((888, 392), (1019, 511))]
[((1080, 350), (1279, 502)), ((300, 392), (419, 511)), ((888, 392), (1019, 511))]
[((1035, 350), (1279, 502)), ((900, 392), (1019, 511))]
[((240, 350), (359, 469)), ((1035, 350), (1279, 502)), ((900, 392), (1019, 511))]
[((900, 350), (1259, 511))]
[((1035, 350), (1279, 511)), ((900, 392), (1019, 511))]
[((1080, 350), (1279, 502)), ((888, 392), (1019, 511))]
[((1080, 350), (1259, 511)), ((888, 392), (1019, 511))]
[((1080, 350), (1279, 511)), ((888, 392), (1019, 511))]
[((1125, 381), (1279, 502)), ((888, 392), (1019, 511))]
[((1110, 350), (1279, 502)), ((900, 392), (1019, 511))]
[((1110, 350), (1279, 502)), ((210, 392), (269, 451)), ((888, 392), (1019, 511))]
[((1140, 376), (1279, 502)), ((888, 392), (1034, 511))]
[((185, 376), (259, 450)), ((888, 392), (1019, 511)), ((1140, 428), (1279, 502))]
[((888, 392), (1019, 511)), ((1147, 402), (1279, 502))]
[((420, 350), (479, 409)), ((888, 392), (1079, 511)), ((1170, 428), (1279, 502))]
[((420, 350), (479, 409)), ((888, 402), (999, 476)), ((1147, 413), (1259, 502))]
[((111, 402), (185, 476)), ((888, 402), (1036, 476)), ((1200, 434), (1279, 493))]
[((420, 350), (479, 409)), ((111, 376), (185, 450)), ((888, 402), (999, 476))]
[((420, 350), (479, 409)), ((888, 392), (1019, 511)), ((1221, 402), (1279, 476))]
[((420, 350), (479, 409)), ((1170, 350), (1259, 439)), ((888, 376), (1019, 511)), ((90, 381), (179, 470))]
[((0, 350), (134, 470)), ((1125, 381), (1259, 476)), ((888, 402), (962, 476))]
[((45, 381), (134, 470)), ((1170, 381), (1259, 472)), ((888, 392), (1019, 511))]
[((240, 392), (359, 511)), ((888, 392), (1019, 511)), ((1221, 402), (1279, 476))]
[((888, 402), (1034, 501))]
[((1230, 392), (1279, 451)), ((925, 402), (999, 476))]
[((888, 402), (999, 476))]
[((888, 402), (999, 476))]
[((888, 371), (1079, 476))]
[((925, 402), (999, 476))]
[((925, 402), (999, 476))]
[((925, 402), (999, 476))]
[((888, 402), (999, 476))]
[((900, 350), (1019, 476))]
[((810, 381), (899, 470)), ((925, 402), (999, 476))]
[((925, 402), (999, 476))]
[((120, 350), (239, 469)), ((925, 381), (1034, 476))]
[((925, 402), (999, 476))]
[((888, 402), (999, 476))]
[((925, 402), (999, 476))]
[((925, 402), (999, 476))]
[((1050, 371), (1109, 430)), ((888, 402), (999, 476)), ((540, 455), (599, 514))]
[((840, 350), (1169, 476))]
[((840, 350), (1124, 476)), ((540, 455), (599, 514))]
[((888, 350), (1079, 476)), ((111, 376), (185, 450))]
[((851, 371), (1049, 476))]
[((925, 350), (1139, 476)), ((60, 392), (179, 511))]
[((45, 350), (134, 439)), ((900, 350), (1079, 511))]
[((990, 350), (1079, 439)), ((1125, 350), (1214, 439))]
[((925, 402), (999, 476)), ((444, 476), (569, 580)), ((360, 581), (419, 640))]
[((925, 402), (999, 476)), ((510, 476), (569, 535)), ((405, 505), (494, 598))]
[((1110, 350), (1214, 439)), ((1020, 371), (1079, 430)), ((851, 376), (999, 476))]
[((1036, 350), (1110, 424)), ((870, 392), (999, 476)), ((481, 480), (555, 554)), ((360, 581), (419, 640))]
[((1170, 371), (1229, 430)), ((540, 392), (659, 514)), ((925, 402), (999, 476))]
[((1050, 371), (1109, 430)), ((925, 402), (999, 476)), ((540, 455), (599, 514)), ((390, 518), (509, 619))]
[((855, 381), (944, 470))]
[((855, 381), (999, 476)), ((450, 518), (509, 577))]
[((888, 402), (999, 476)), ((480, 497), (539, 556))]
[((888, 371), (1049, 476))]
[((999, 350), (1073, 424)), ((888, 402), (962, 476)), ((390, 560), (449, 619))]
[((999, 350), (1073, 424)), ((855, 381), (962, 476)), ((390, 560), (449, 619))]
[((1170, 350), (1259, 439)), ((888, 402), (962, 476)), ((390, 560), (449, 619))]
[((333, 350), (407, 424)), ((1020, 371), (1079, 430)), ((888, 381), (999, 476)), ((390, 560), (449, 619))]
[((333, 350), (407, 424)), ((1020, 371), (1079, 430)), ((900, 381), (999, 476)), ((360, 581), (419, 640))]
[((1036, 350), (1110, 424)), ((900, 381), (989, 470))]
[((1036, 350), (1110, 424)), ((900, 381), (989, 470))]
[((888, 350), (999, 476)), ((1036, 350), (1110, 424)), ((1140, 371), (1199, 430))]
[((315, 350), (404, 439)), ((1140, 350), (1259, 469)), ((1050, 371), (1109, 430)), ((900, 381), (989, 470))]
[((315, 350), (404, 439)), ((888, 350), (999, 476)), ((1073, 350), (1147, 424))]
[((315, 350), (404, 439)), ((900, 350), (999, 470)), ((1073, 350), (1279, 469)), ((405, 505), (494, 594))]
[((888, 350), (999, 476)), ((1080, 350), (1279, 439)), ((330, 371), (389, 430))]
[((900, 350), (999, 476)), ((1073, 350), (1259, 470)), ((330, 371), (389, 430))]
[((888, 350), (1019, 476)), ((1036, 350), (1259, 450)), ((370, 558), (449, 632))]
[((900, 350), (1073, 470)), ((1110, 350), (1169, 409)), ((1221, 350), (1279, 450))]
[((851, 350), (1019, 470)), ((1140, 350), (1279, 470))]
[((900, 350), (1034, 470)), ((1125, 350), (1259, 470))]
[((300, 350), (359, 409)), ((900, 350), (1034, 470)), ((1140, 350), (1259, 469))]
[((900, 350), (1110, 470)), ((1170, 371), (1229, 430))]
[((888, 350), (1049, 476)), ((1140, 371), (1279, 476))]
[((888, 350), (1124, 476)), ((1170, 350), (1279, 451))]
[((296, 350), (370, 450)), ((851, 350), (1124, 476)), ((1184, 350), (1259, 451))]
[((900, 350), (1079, 472)), ((1125, 350), (1259, 451)), ((296, 376), (370, 451))]
[((1125, 350), (1214, 439)), ((999, 376), (1073, 450)), ((1221, 376), (1279, 476)), ((300, 392), (359, 451)), ((930, 413), (989, 472))]
[((888, 350), (1139, 476))]
[((1020, 350), (1169, 439)), ((888, 402), (999, 476))]
[((1140, 371), (1229, 472)), ((925, 402), (999, 476))]
[((1080, 350), (1279, 451))]
[((270, 350), (359, 439)), ((1110, 371), (1169, 430))]
[((1110, 350), (1184, 424)), ((1200, 371), (1259, 430)), ((925, 402), (999, 476))]
[((1035, 350), (1199, 439)), ((925, 402), (999, 476))]
[((1020, 350), (1229, 469)), ((900, 381), (999, 476))]
[((1170, 371), (1229, 430)), ((925, 402), (999, 476))]
[((1140, 350), (1199, 430)), ((259, 376), (333, 450)), ((925, 402), (999, 476))]
[((1147, 350), (1258, 450)), ((259, 376), (333, 450)), ((925, 402), (999, 476))]
[((1080, 350), (1279, 439)), ((259, 376), (333, 450)), ((925, 402), (999, 476))]
[((1110, 350), (1259, 439)), ((259, 376), (333, 450)), ((900, 381), (999, 476))]
[((1170, 350), (1259, 439)), ((270, 371), (329, 430)), ((900, 381), (989, 472))]
[((222, 350), (314, 439)), ((1184, 350), (1259, 430)), ((930, 413), (989, 472))]
[((1200, 350), (1259, 409)), ((930, 413), (989, 472))]
[((1230, 371), (1279, 430)), ((930, 413), (989, 472))]
[((1170, 350), (1259, 439)), ((225, 381), (314, 470)), ((870, 413), (989, 472))]
[((60, 350), (179, 469)), ((1184, 350), (1259, 430)), ((225, 381), (314, 470)), ((930, 413), (989, 472))]
[((888, 381), (989, 476))]
[((930, 413), (989, 472))]
[((222, 376), (299, 451)), ((900, 381), (989, 472))]
[((900, 381), (989, 472))]
[((900, 381), (989, 472))]
[((180, 350), (299, 469)), ((900, 381), (989, 472))]
[((900, 381), (999, 476))]
[((180, 350), (269, 439)), ((900, 381), (989, 472))]
[((180, 350), (269, 439)), ((900, 381), (989, 472))]
[((185, 376), (269, 451)), ((900, 381), (999, 476))]
[((185, 376), (259, 450)), ((888, 381), (989, 476))]
[((148, 376), (222, 450)), ((888, 381), (989, 476)), ((270, 455), (329, 514))]
[((888, 381), (989, 476)), ((225, 443), (314, 532))]
[((900, 381), (989, 472))]
[((180, 371), (259, 450)), ((900, 381), (989, 472))]
[((180, 371), (239, 451)), ((900, 381), (999, 476))]
[((900, 381), (989, 472)), ((180, 392), (239, 451)), ((0, 476), (119, 595)), ((390, 539), (449, 598))]
[((900, 381), (989, 472)), ((330, 581), (389, 640))]
[((120, 350), (239, 469)), ((0, 392), (59, 451)), ((900, 412), (989, 501))]
[((0, 350), (185, 470)), ((900, 412), (989, 501))]
[((900, 412), (989, 501))]
[((150, 371), (209, 430)), ((900, 412), (989, 501))]
[((150, 392), (209, 451)), ((900, 412), (989, 501))]
[((60, 350), (179, 469)), ((930, 413), (989, 472)), ((450, 497), (509, 556))]
[((900, 412), (989, 501))]
[((90, 381), (179, 470)), ((900, 412), (989, 501))]
[((900, 412), (989, 501))]
[((60, 350), (179, 469)), ((900, 412), (989, 501)), ((420, 518), (479, 577))]
[((45, 381), (134, 470)), ((900, 392), (989, 501)), ((300, 581), (359, 640))]
[((810, 392), (869, 451)), ((900, 412), (989, 501))]
[((0, 350), (119, 469)), ((810, 392), (869, 451)), ((900, 412), (989, 501))]
[((240, 392), (299, 451)), ((810, 392), (869, 451)), ((900, 412), (989, 501))]
[((0, 350), (119, 469)), ((810, 392), (869, 451)), ((900, 412), (989, 501))]
[((0, 350), (119, 469)), ((888, 402), (989, 501))]
[]
[((750, 371), (809, 430)), ((135, 412), (224, 514)), ((930, 413), (989, 472)), ((600, 434), (659, 493))]
[((600, 434), (659, 493)), ((60, 455), (119, 514))]
[((210, 392), (269, 451)), ((0, 428), (179, 553))]
[((296, 376), (370, 450))]
[((120, 350), (239, 469)), ((540, 476), (599, 535))]
[((0, 350), (134, 470)), ((540, 476), (599, 535))]
[((0, 350), (179, 472)), ((960, 350), (1079, 469))]
[((0, 350), (119, 469))]
[((0, 381), (89, 470))]
[((750, 371), (809, 430))]
[((750, 371), (809, 430))]
[]
[((888, 402), (962, 476))]
[((111, 376), (185, 450)), ((888, 402), (962, 476))]
[]
[((0, 350), (119, 469))]
[((888, 402), (962, 476))]
[((888, 402), (962, 476))]
[((888, 402), (962, 476))]
[((888, 402), (962, 476))]
[((888, 402), (962, 476))]
[((888, 402), (962, 476))]
[((840, 392), (962, 511))]
[((888, 402), (989, 501)), ((510, 497), (569, 556))]
[((888, 402), (962, 476))]
[((888, 402), (962, 476))]
[((888, 402), (962, 476))]
[((510, 392), (569, 451)), ((888, 402), (962, 476))]
[((888, 402), (962, 476))]
[((510, 392), (569, 451)), ((888, 402), (962, 476))]
[((888, 402), (962, 476))]
[((888, 402), (962, 476))]
[((720, 371), (779, 430)), ((888, 402), (962, 476))]
[((870, 402), (962, 476))]
[((720, 371), (779, 430)), ((870, 402), (962, 476))]
[((720, 371), (779, 430)), ((888, 402), (962, 476))]
[((720, 371), (779, 430)), ((870, 402), (962, 476))]
[((855, 381), (962, 476))]
[((900, 413), (959, 472))]
[((900, 413), (959, 472))]
[((900, 413), (959, 472))]
[((855, 381), (959, 472))]
[((900, 413), (959, 472))]
[((855, 376), (962, 472))]
[((900, 413), (959, 472))]
[((900, 413), (959, 472))]
[((855, 381), (959, 472))]
[((855, 381), (959, 472))]
[((222, 376), (296, 450)), ((855, 381), (959, 472))]
[((855, 381), (959, 472))]
[((855, 381), (959, 472))]
[((855, 381), (944, 470))]
[((855, 381), (959, 472))]
[((675, 350), (764, 439)), ((855, 381), (944, 470))]
[((690, 371), (749, 430)), ((855, 371), (959, 472))]
[((675, 350), (764, 439)), ((855, 371), (959, 472))]
[((675, 350), (764, 439)), ((855, 371), (944, 470)), ((450, 392), (509, 451))]
[((675, 350), (764, 439)), ((855, 371), (962, 470)), ((1221, 532), (1279, 606))]
[((135, 350), (224, 439)), ((675, 350), (764, 439)), ((855, 371), (962, 470))]
[((675, 350), (764, 439)), ((855, 376), (962, 472))]
[((675, 350), (764, 439)), ((855, 371), (962, 470)), ((1200, 539), (1259, 598))]
[((675, 350), (764, 439)), ((855, 371), (962, 472))]
[((675, 350), (764, 439)), ((855, 371), (962, 472)), ((1170, 518), (1279, 577))]
[((675, 350), (764, 439)), ((855, 350), (962, 470)), ((1170, 518), (1279, 598))]
[((666, 371), (749, 450)), ((855, 371), (962, 470))]
[((690, 371), (749, 430)), ((855, 371), (962, 470))]
[((690, 371), (749, 430)), ((855, 371), (959, 470))]
[((60, 350), (179, 469)), ((855, 371), (959, 470)), ((405, 381), (494, 470)), ((1140, 506), (1258, 580))]
[((855, 371), (989, 470)), ((1200, 434), (1259, 493))]
[((888, 376), (962, 450)), ((1170, 474), (1259, 563))]
[((888, 376), (962, 450))]
[((888, 350), (989, 450)), ((1184, 428), (1279, 577))]
[((1170, 434), (1229, 493))]
[((1125, 474), (1214, 563))]
[((960, 371), (1019, 430)), ((1200, 497), (1259, 556))]
[((120, 350), (239, 469))]
[((1140, 434), (1199, 493)), ((1140, 497), (1199, 556))]
[((925, 376), (999, 450)), ((1200, 497), (1259, 556))]
[((855, 376), (999, 501)), ((1221, 402), (1279, 493)), ((1200, 497), (1259, 556))]
[((870, 376), (999, 472)), ((1080, 428), (1279, 595))]
[((60, 350), (179, 469)), ((1080, 412), (1259, 595))]
[((1080, 392), (1259, 595))]
[((660, 371), (719, 430)), ((1080, 402), (1259, 595)), ((870, 413), (929, 472))]
[((900, 350), (1049, 511)), ((660, 371), (719, 430)), ((1080, 412), (1279, 606))]
[((945, 350), (1034, 451)), ((660, 371), (719, 430)), ((1080, 381), (1259, 563))]
[((945, 350), (1079, 450)), ((660, 371), (719, 430)), ((1073, 381), (1259, 594))]
[((962, 350), (1036, 450)), ((660, 371), (719, 430)), ((1125, 392), (1259, 598))]
[((962, 350), (1049, 450)), ((660, 371), (719, 430)), ((1073, 392), (1259, 554)), ((870, 413), (929, 472)), ((1184, 532), (1259, 606))]
[((990, 350), (1073, 430)), ((1080, 350), (1259, 511))]
[((990, 350), (1073, 451)), ((660, 371), (719, 430)), ((1110, 381), (1229, 577)), ((420, 392), (479, 451)), ((870, 413), (929, 472))]
[((990, 350), (1079, 439)), ((660, 371), (719, 430)), ((1125, 381), (1229, 501)), ((420, 392), (479, 451)), ((1050, 476), (1109, 535)), ((1170, 518), (1279, 606))]
[((990, 350), (1221, 563)), ((660, 371), (719, 430))]
[((630, 350), (719, 439)), ((960, 350), (1214, 535)), ((1147, 532), (1259, 640))]
[((990, 350), (1199, 563)), ((1140, 518), (1259, 577))]
[((630, 350), (719, 439)), ((1020, 376), (1221, 580))]
[((630, 350), (719, 439)), ((1020, 350), (1279, 640))]
[((630, 350), (719, 439)), ((1020, 350), (1279, 640))]
[((630, 350), (719, 439)), ((855, 381), (944, 470)), ((1020, 381), (1279, 640))]
[((1080, 350), (1139, 409)), ((1147, 476), (1279, 640))]
[((630, 350), (719, 439)), ((1020, 350), (1169, 470)), ((1140, 476), (1279, 640))]
[((630, 350), (719, 439)), ((999, 402), (1279, 640))]
[((630, 350), (719, 439)), ((1110, 350), (1169, 409)), ((999, 454), (1073, 528)), ((1140, 476), (1279, 640))]
[((1035, 350), (1199, 501)), ((1140, 476), (1279, 640))]
[((630, 350), (719, 439)), ((1080, 350), (1199, 469)), ((1125, 476), (1279, 637))]
[((630, 350), (719, 439)), ((1140, 350), (1199, 409)), ((1035, 412), (1124, 514)), ((1221, 454), (1279, 528)), ((1147, 532), (1279, 632))]
[((630, 350), (719, 439)), ((1125, 350), (1221, 439)), ((1050, 454), (1279, 632))]
[((1170, 350), (1229, 409)), ((855, 381), (962, 476)), ((1035, 412), (1279, 632))]
[((629, 350), (703, 430)), ((1035, 402), (1279, 637))]
[((629, 350), (703, 430)), ((1200, 350), (1259, 409)), ((1020, 392), (1279, 637))]
[((629, 350), (703, 430)), ((1230, 350), (1279, 409)), ((990, 392), (1279, 625)), ((900, 413), (959, 472))]
[((630, 371), (689, 430)), ((990, 392), (1259, 637)), ((900, 413), (959, 472))]
[((630, 371), (689, 430)), ((360, 392), (419, 451)), ((1050, 392), (1259, 637)), ((900, 413), (959, 472))]
[((629, 350), (703, 430)), ((333, 376), (419, 451)), ((990, 392), (1259, 625)), ((900, 413), (959, 472))]
[((630, 371), (689, 430)), ((900, 413), (1279, 606))]
[((629, 350), (703, 430)), ((900, 381), (1279, 606))]
[((630, 371), (689, 430)), ((900, 413), (1279, 606))]
[((630, 371), (689, 430)), ((1036, 376), (1110, 450)), ((888, 402), (962, 476)), ((1073, 428), (1279, 598))]
[((630, 371), (689, 430)), ((888, 402), (1279, 606)), ((270, 412), (359, 501))]
[((630, 371), (689, 430)), ((1036, 376), (1279, 606)), ((888, 402), (962, 476))]
[((1073, 392), (1279, 606)), ((888, 402), (962, 476))]
[((888, 402), (962, 476)), ((1073, 428), (1279, 606)), ((962, 480), (1036, 554))]
[((888, 402), (962, 476)), ((1050, 428), (1279, 606))]
[((1020, 381), (1279, 606)), ((888, 402), (962, 476))]
[((370, 376), (444, 450)), ((870, 402), (962, 476)), ((999, 402), (1279, 598))]
[((1020, 392), (1279, 606)), ((870, 402), (962, 476))]
[((296, 376), (370, 450)), ((999, 392), (1259, 598)), ((888, 402), (962, 476))]
[((296, 376), (370, 450)), ((888, 392), (962, 476)), ((1020, 392), (1259, 594))]
[((300, 371), (359, 430)), ((999, 392), (1259, 595)), ((888, 402), (962, 476))]
[((585, 350), (674, 439)), ((888, 402), (962, 476)), ((999, 402), (1259, 595))]
[((888, 381), (1259, 595))]
[((585, 350), (674, 439)), ((888, 402), (1259, 595))]
[((888, 402), (1259, 595))]
[((888, 402), (1229, 595))]
[((585, 350), (674, 439)), ((270, 371), (329, 430)), ((962, 376), (1259, 595)), ((900, 413), (959, 472))]
[((585, 350), (674, 439)), ((270, 371), (329, 451)), ((888, 381), (1229, 595))]
[((585, 350), (674, 439)), ((888, 381), (1229, 595)), ((270, 392), (329, 451))]
[((585, 350), (674, 439)), ((888, 381), (1259, 595))]
[((585, 350), (674, 439)), ((900, 381), (1229, 580))]
[((540, 350), (666, 439)), ((900, 381), (1229, 594))]
[((540, 350), (666, 439)), ((888, 350), (1221, 594))]
[((592, 350), (666, 424)), ((900, 381), (1221, 580)), ((240, 392), (299, 451))]
[((222, 376), (296, 450)), ((888, 381), (1221, 577))]
[((888, 381), (1214, 580))]
[((888, 350), (1214, 577))]
[((900, 376), (1214, 580))]
[((570, 371), (629, 430)), ((900, 376), (1214, 577))]
[((540, 371), (629, 430)), ((990, 376), (1214, 563)), ((900, 413), (959, 472))]
[((900, 350), (1199, 563)), ((570, 371), (629, 430)), ((185, 376), (259, 450))]
[((185, 376), (259, 450)), ((900, 412), (1199, 580))]
[((555, 350), (629, 424)), ((185, 376), (259, 450)), ((900, 412), (1199, 563))]
[((555, 350), (629, 430)), ((900, 350), (1258, 556))]
[((120, 350), (239, 469)), ((555, 350), (629, 430)), ((888, 350), (1199, 556))]
[((120, 350), (239, 469)), ((555, 350), (629, 430)), ((888, 350), (1199, 580))]
[((120, 350), (239, 469)), ((540, 350), (629, 439)), ((888, 350), (1199, 595))]
[((540, 350), (629, 439)), ((900, 350), (1199, 595)), ((148, 376), (222, 450))]
[((120, 350), (239, 469)), ((540, 350), (629, 450)), ((900, 350), (1199, 595))]
[((120, 350), (239, 469)), ((540, 350), (629, 439)), ((925, 392), (1199, 563))]
[((120, 350), (239, 469)), ((540, 350), (629, 450)), ((925, 350), (1259, 563))]
[((555, 350), (629, 424)), ((925, 434), (1169, 563))]
[((925, 376), (1169, 563))]
[((925, 376), (1221, 563))]
[((925, 350), (1259, 553))]
[((925, 376), (1259, 556))]
[((900, 350), (1259, 563)), ((259, 376), (333, 450))]
[((540, 350), (599, 409)), ((900, 381), (1169, 556))]
[((148, 376), (222, 450)), ((900, 381), (1169, 556))]
[((518, 350), (592, 424)), ((135, 381), (224, 470)), ((888, 381), (1184, 556))]
[((148, 376), (222, 450)), ((888, 402), (1221, 556))]
[((945, 381), (1221, 556))]
[((945, 381), (1221, 553))]
[((148, 376), (222, 450)), ((1184, 402), (1279, 476)), ((945, 412), (1139, 554))]
[((120, 350), (239, 469)), ((518, 350), (592, 424)), ((1184, 402), (1258, 476)), ((900, 412), (1139, 554))]
[((120, 350), (239, 470)), ((518, 350), (592, 424)), ((855, 350), (1259, 554))]
[((518, 350), (592, 424)), ((855, 350), (1139, 554)), ((135, 381), (224, 470)), ((1221, 402), (1279, 476)), ((450, 560), (509, 619))]
[((120, 350), (239, 469)), ((495, 350), (592, 439)), ((851, 350), (1139, 554)), ((450, 581), (509, 640))]
[((495, 350), (592, 439)), ((888, 350), (1139, 553))]
[((495, 350), (584, 439)), ((888, 350), (1214, 554))]
[((120, 350), (239, 469)), ((495, 350), (584, 439)), ((888, 402), (1124, 556))]
[((900, 350), (1184, 556)), ((510, 371), (569, 430))]
[((888, 350), (1221, 553)), ((510, 371), (569, 430))]
[((900, 392), (1124, 556))]
[((120, 350), (299, 469)), ((510, 350), (569, 409)), ((900, 392), (1124, 556)), ((1170, 413), (1229, 472))]
[((120, 350), (239, 469)), ((481, 350), (555, 424)), ((855, 381), (1124, 556)), ((1184, 402), (1258, 476))]
[((0, 350), (239, 469)), ((444, 350), (518, 424)), ((840, 392), (1110, 556)), ((1200, 413), (1259, 472))]
[((888, 402), (1110, 553))]
[((0, 350), (119, 469)), ((888, 402), (1110, 553)), ((444, 558), (518, 632))]
[((0, 350), (119, 469)), ((855, 381), (1109, 553))]
[((0, 350), (119, 469)), ((855, 381), (1109, 553))]
[((888, 412), (1079, 553))]
[((0, 350), (119, 469)), ((855, 381), (1079, 535)), ((420, 581), (479, 640))]
[((925, 381), (1079, 553))]
[((925, 412), (1079, 553))]
[((925, 412), (1079, 535))]
[((450, 350), (539, 439)), ((925, 412), (1139, 553))]
[((450, 350), (539, 439)), ((925, 412), (1079, 553))]
[((450, 350), (539, 439)), ((888, 376), (1079, 553))]
[((925, 413), (1079, 553))]
[((74, 376), (149, 451)), ((888, 376), (1079, 553))]
[((900, 392), (1079, 553))]
[((925, 392), (1079, 553))]
[((0, 350), (119, 469)), ((925, 392), (1079, 553))]
[((900, 392), (1079, 553))]
[((900, 412), (1079, 553))]
[((870, 412), (1079, 553))]
[((870, 413), (1079, 553))]
[((74, 376), (148, 450)), ((870, 402), (1079, 553))]
[((945, 428), (1079, 553)), ((870, 455), (929, 514))]
[((45, 350), (209, 470)), ((945, 428), (1049, 532)), ((870, 455), (929, 514))]
[((420, 350), (479, 409)), ((150, 371), (209, 430)), ((45, 381), (134, 470)), ((870, 412), (1034, 553))]
[((450, 350), (509, 409)), ((45, 381), (134, 470)), ((870, 381), (1079, 553))]
[((405, 350), (509, 439)), ((870, 381), (1036, 553)), ((120, 392), (179, 451))]
[((405, 350), (494, 439)), ((120, 371), (179, 430)), ((870, 376), (1049, 553))]
[((405, 350), (494, 439)), ((900, 392), (1049, 553))]
[((60, 350), (179, 469)), ((900, 350), (1049, 532))]
[((270, 350), (359, 439)), ((888, 350), (1049, 553)), ((90, 376), (185, 451))]
[((90, 350), (179, 439)), ((870, 350), (1036, 553)), ((407, 376), (481, 450))]
[((90, 350), (179, 439)), ((405, 350), (494, 439)), ((870, 350), (1049, 553))]
[((60, 350), (179, 470)), ((870, 350), (1036, 553))]
[((60, 350), (179, 469)), ((900, 350), (1079, 553))]
[((888, 350), (1036, 532))]
[((30, 350), (179, 469)), ((888, 350), (1036, 532))]
[((888, 350), (1036, 532))]
[((370, 350), (444, 424)), ((840, 350), (1036, 532)), ((30, 371), (134, 470))]
[((840, 350), (1036, 528))]
[((855, 350), (1036, 528)), ((0, 376), (89, 470))]
[((0, 350), (89, 470)), ((315, 350), (449, 439)), ((840, 350), (1036, 532))]
[((315, 350), (404, 439)), ((840, 350), (1036, 511))]
[((360, 350), (419, 409)), ((840, 350), (1036, 553))]
[((360, 350), (449, 439)), ((840, 392), (1036, 553))]
[((840, 381), (1036, 553))]
[((840, 392), (1019, 553))]
[((300, 350), (359, 409)), ((840, 381), (1036, 553))]
[((840, 381), (1036, 553))]
[((120, 350), (239, 469)), ((840, 381), (1034, 553))]
[((330, 350), (389, 409)), ((0, 376), (74, 450)), ((840, 381), (1034, 532))]
[((315, 350), (404, 439)), ((840, 381), (1034, 553))]
[((120, 350), (239, 469)), ((315, 350), (404, 439)), ((840, 392), (1079, 514))]
[((0, 376), (74, 450)), ((840, 381), (1079, 528))]
[((840, 381), (1034, 528))]
[((270, 350), (419, 469)), ((840, 381), (1034, 514))]
[((296, 350), (370, 424)), ((840, 350), (1079, 514))]
[((300, 350), (419, 469)), ((840, 350), (1049, 532))]
[((135, 350), (224, 439)), ((840, 392), (1049, 528))]
[((840, 392), (999, 532))]
[((300, 350), (419, 469)), ((840, 392), (1019, 528))]
[((300, 350), (419, 469)), ((814, 392), (1079, 528))]
[((270, 350), (419, 469)), ((840, 392), (989, 532))]
[((259, 350), (370, 450)), ((840, 376), (1036, 532))]
[((840, 392), (1019, 511))]
[((840, 392), (1019, 532))]
[((240, 350), (359, 469)), ((840, 381), (1019, 514))]
[((111, 350), (185, 424)), ((240, 350), (299, 409)), ((840, 381), (1036, 532))]
[((240, 350), (359, 469)), ((840, 381), (1019, 514))]
[((225, 350), (359, 469)), ((840, 381), (1019, 532))]
[((90, 350), (179, 439)), ((225, 350), (314, 439)), ((840, 381), (1079, 514))]
[((225, 350), (359, 439)), ((840, 381), (1073, 532)), ((60, 392), (179, 511))]
[((0, 350), (89, 439)), ((210, 350), (314, 439)), ((840, 392), (1073, 532))]
[((225, 350), (314, 439)), ((840, 392), (1073, 532))]
[((225, 350), (314, 439)), ((840, 392), (1079, 511))]
[((180, 350), (314, 469)), ((810, 376), (1079, 532))]
[((180, 350), (359, 469)), ((840, 350), (1079, 514))]
[((180, 350), (299, 469)), ((840, 350), (1079, 514))]
[((180, 350), (359, 469)), ((810, 392), (1079, 514))]
[((148, 350), (359, 469)), ((765, 350), (1079, 514))]
[((150, 350), (269, 439)), ((840, 350), (1079, 514))]
[((135, 350), (224, 439)), ((840, 350), (1079, 511))]
[((840, 350), (1079, 511))]
[((120, 350), (179, 409)), ((810, 350), (1079, 514))]
[((111, 350), (185, 424)), ((810, 350), (1079, 514))]
[((135, 350), (224, 439)), ((840, 350), (1079, 514))]
[((840, 350), (1079, 514))]
[((810, 350), (1079, 514)), ((90, 371), (149, 430))]
[((74, 350), (148, 424)), ((840, 350), (1079, 514))]
[((120, 350), (239, 469)), ((840, 350), (1079, 514)), ((0, 381), (89, 470))]
[((0, 350), (134, 470)), ((840, 350), (1079, 514))]
[((840, 350), (1079, 514)), ((0, 381), (89, 470))]
[((840, 350), (1079, 514))]
[((840, 350), (1079, 514)), ((0, 392), (59, 451))]
[((840, 350), (1079, 514)), ((30, 371), (89, 430))]
[((0, 350), (74, 424)), ((840, 350), (1079, 514))]
[((0, 350), (74, 424)), ((840, 350), (1079, 514))]
[((840, 350), (1036, 511))]
[((840, 350), (1034, 514)), ((1080, 412), (1169, 501))]
[((840, 381), (1124, 514))]
[((840, 381), (1019, 511))]
[((840, 381), (1019, 528))]
[((840, 381), (1019, 514))]
[((840, 392), (1019, 511)), ((1035, 412), (1124, 501))]
[((840, 392), (1019, 514))]
[((840, 392), (1019, 514))]
[((840, 392), (1019, 514)), ((1035, 412), (1124, 501))]
[((840, 392), (1019, 514)), ((1035, 412), (1124, 501))]
[((840, 392), (1036, 511))]
[((840, 381), (1124, 514))]
[((810, 350), (1079, 528))]
[((810, 350), (1079, 514))]
[((840, 350), (1079, 514))]
[((30, 392), (89, 451)), ((810, 392), (1124, 511))]
[((810, 350), (1124, 511))]
[((810, 350), (1124, 514))]
[((810, 350), (1124, 514)), ((45, 381), (134, 470))]
[((810, 350), (1124, 514)), ((45, 381), (134, 470))]
[((810, 350), (1139, 511)), ((0, 376), (74, 450))]
[((840, 350), (1147, 511))]
[((1020, 350), (1147, 511)), ((810, 392), (999, 511))]
[((810, 350), (1169, 514))]
[((585, 350), (674, 439)), ((840, 392), (1139, 511))]
[((585, 350), (674, 439)), ((840, 381), (1139, 511))]
[((810, 392), (1139, 511))]
[((840, 392), (1147, 511))]
[((810, 392), (1147, 511))]
[((810, 392), (1214, 511))]
[((810, 392), (1147, 511))]
[((840, 392), (1139, 511))]
[((810, 392), (989, 511)), ((1020, 392), (1147, 511))]
[((810, 392), (959, 511)), ((1020, 392), (1139, 511))]
[((810, 392), (959, 511)), ((990, 392), (1169, 511))]
[((296, 376), (370, 450)), ((810, 381), (959, 511)), ((990, 392), (1169, 511))]
[((240, 350), (359, 469)), ((840, 381), (959, 514)), ((510, 392), (569, 451)), ((990, 392), (1169, 511))]
[((240, 350), (359, 469)), ((810, 381), (1049, 514)), ((510, 392), (569, 451)), ((1080, 412), (1169, 501))]
[((810, 381), (1049, 514)), ((1080, 412), (1169, 501))]
[((810, 381), (962, 511)), ((990, 413), (1049, 493))]
[((810, 381), (1199, 511))]
[((810, 392), (959, 511)), ((990, 392), (1199, 511))]
[((259, 376), (333, 450)), ((810, 392), (959, 511)), ((990, 413), (1049, 493))]
[((259, 376), (333, 450)), ((810, 381), (1049, 511)), ((1080, 412), (1169, 501))]
[((810, 381), (1169, 511))]
[((810, 381), (962, 511)), ((999, 402), (1073, 476)), ((1080, 412), (1169, 501))]
[((780, 381), (962, 511)), ((999, 402), (1169, 501))]
[((225, 350), (314, 439)), ((450, 371), (509, 430)), ((810, 381), (962, 511)), ((999, 402), (1073, 476)), ((1080, 412), (1184, 502))]
[((225, 350), (314, 439)), ((810, 381), (959, 511)), ((990, 392), (1259, 511))]
[((222, 376), (296, 450)), ((810, 381), (1079, 511)), ((1110, 428), (1184, 502))]
[((840, 381), (959, 511)), ((990, 412), (1184, 502))]
[((480, 392), (539, 451)), ((810, 392), (1079, 511)), ((1110, 428), (1184, 502))]
[((810, 381), (1079, 511)), ((1110, 428), (1184, 502))]
[((810, 350), (1079, 511)), ((407, 376), (481, 450)), ((1110, 392), (1259, 511))]
[((810, 392), (1079, 511)), ((1110, 392), (1259, 511))]
[((360, 350), (479, 469)), ((810, 392), (1184, 511))]
[((810, 392), (1079, 511))]
[((810, 381), (1079, 511))]
[((810, 392), (1199, 511))]
[((810, 392), (1199, 511))]
[((810, 392), (1258, 511))]
[((810, 392), (959, 511)), ((1020, 392), (1214, 511))]
[((180, 350), (419, 469)), ((810, 392), (1279, 511))]
[((810, 392), (1214, 511)), ((296, 402), (370, 476))]
[((120, 350), (239, 469)), ((360, 350), (479, 469)), ((810, 392), (959, 511)), ((1020, 392), (1214, 511))]
[((120, 350), (479, 476)), ((810, 392), (1259, 511))]
[((111, 350), (329, 476)), ((810, 392), (1259, 511)), ((480, 518), (539, 577))]
[((60, 350), (239, 511)), ((270, 392), (329, 451)), ((810, 392), (1259, 511))]
[((0, 350), (179, 511)), ((810, 392), (1019, 511)), ((1080, 392), (1221, 511)), ((630, 434), (689, 493))]
[((0, 350), (179, 511)), ((810, 381), (1259, 511))]
[((1020, 381), (1259, 511)), ((120, 392), (239, 511)), ((810, 392), (959, 511)), ((480, 497), (539, 556))]
[((0, 350), (185, 511)), ((222, 376), (296, 450)), ((1020, 376), (1259, 511)), ((810, 392), (959, 511)), ((510, 443), (629, 535))]
[((120, 350), (299, 469)), ((810, 392), (959, 511)), ((1020, 392), (1279, 511)), ((450, 480), (555, 594))]
[((90, 350), (185, 502)), ((810, 392), (959, 511)), ((1020, 392), (1279, 511)), ((450, 443), (629, 598))]
[((0, 350), (239, 501)), ((810, 392), (959, 511)), ((1020, 392), (1199, 511)), ((420, 434), (629, 619))]
[((0, 350), (239, 469)), ((810, 381), (959, 511)), ((1020, 392), (1139, 511)), ((1170, 402), (1279, 493)), ((407, 454), (629, 632))]
[((45, 350), (134, 439)), ((810, 392), (959, 511)), ((1020, 392), (1199, 511)), ((420, 454), (629, 619))]
[((0, 376), (89, 476)), ((810, 392), (959, 511)), ((1020, 392), (1199, 511)), ((390, 454), (629, 640))]
[((810, 392), (959, 511)), ((1020, 392), (1199, 511)), ((405, 454), (629, 632))]
[((240, 392), (299, 451)), ((810, 392), (959, 511)), ((1020, 392), (1139, 511)), ((1230, 413), (1279, 472)), ((407, 454), (629, 632))]
[((180, 392), (239, 451)), ((810, 392), (959, 511)), ((1020, 392), (1259, 511)), ((407, 497), (539, 632))]
[((810, 392), (959, 511)), ((1020, 392), (1259, 511)), ((390, 474), (539, 640))]
[((810, 381), (959, 511)), ((1020, 392), (1139, 511)), ((390, 480), (569, 640))]
[((300, 392), (359, 451)), ((810, 392), (959, 511)), ((1020, 392), (1259, 511)), ((420, 506), (555, 619))]
[((1184, 350), (1258, 424)), ((150, 392), (209, 451)), ((810, 392), (959, 511)), ((990, 392), (1139, 511)), ((360, 518), (479, 637))]
[((810, 392), (959, 511)), ((990, 392), (1259, 511)), ((390, 505), (509, 640))]
[((148, 376), (222, 450)), ((810, 392), (959, 511)), ((1020, 392), (1139, 511)), ((1170, 412), (1259, 501)), ((390, 581), (449, 640))]
[((45, 392), (239, 563)), ((810, 392), (959, 511)), ((1035, 412), (1124, 501)), ((1170, 412), (1259, 501))]
[((150, 392), (239, 451)), ((810, 392), (959, 511)), ((990, 412), (1124, 501)), ((1170, 412), (1259, 502)), ((480, 497), (539, 556))]
[((111, 376), (185, 450)), ((840, 392), (959, 511)), ((1140, 392), (1259, 511)), ((444, 506), (518, 580))]
[((120, 392), (209, 451)), ((810, 392), (959, 511)), ((990, 413), (1049, 472)), ((1184, 428), (1258, 502)), ((480, 497), (539, 556))]
[((840, 381), (959, 511)), ((150, 392), (209, 451))]
[((90, 381), (179, 470)), ((600, 392), (659, 451)), ((1140, 392), (1259, 511)), ((814, 402), (944, 501))]
[((810, 381), (944, 501))]
[((60, 350), (269, 501)), ((855, 412), (944, 501)), ((990, 412), (1139, 501)), ((360, 581), (419, 640))]
[((814, 392), (944, 501)), ((1080, 392), (1259, 511))]
[((1073, 392), (1259, 511)), ((855, 412), (944, 501))]
[((180, 392), (239, 451)), ((855, 392), (944, 501)), ((1073, 392), (1259, 511)), ((420, 476), (539, 595))]
[((855, 392), (944, 501)), ((1073, 392), (1259, 511))]
[((0, 376), (74, 450)), ((855, 392), (944, 501)), ((999, 392), (1259, 511))]
[((814, 350), (959, 501)), ((148, 376), (222, 450)), ((1073, 392), (1259, 511))]
[((855, 392), (944, 501)), ((999, 392), (1259, 511))]
[((855, 392), (944, 501)), ((999, 392), (1259, 511))]
[((810, 392), (944, 501)), ((960, 392), (1259, 511))]
[((0, 381), (89, 470)), ((840, 392), (962, 511)), ((1073, 392), (1259, 511))]
[((840, 392), (959, 511)), ((1020, 392), (1259, 511)), ((360, 581), (419, 640))]
[((840, 381), (959, 511)), ((999, 402), (1169, 502))]
[((0, 350), (119, 469)), ((540, 350), (659, 469)), ((840, 381), (1169, 511))]
[((315, 350), (404, 439)), ((0, 376), (89, 470)), ((855, 381), (944, 501)), ((1020, 412), (1169, 502))]
[((330, 371), (389, 430)), ((855, 381), (944, 501)), ((999, 392), (1199, 511)), ((420, 474), (539, 577))]
[((90, 350), (149, 409)), ((851, 381), (944, 501)), ((960, 392), (1199, 511)), ((360, 560), (419, 619))]
[((851, 381), (944, 501)), ((990, 392), (1259, 511)), ((270, 443), (359, 532))]
[((45, 350), (134, 439)), ((851, 381), (944, 501)), ((1020, 392), (1259, 511)), ((480, 434), (599, 553)), ((330, 581), (389, 640))]
[((37, 350), (119, 450)), ((855, 381), (1034, 501)), ((1080, 392), (1259, 511))]
[((0, 350), (149, 469)), ((540, 350), (659, 469)), ((840, 381), (959, 511)), ((1080, 392), (1259, 511))]
[((0, 350), (89, 470)), ((855, 381), (944, 501)), ((180, 392), (299, 511)), ((1080, 392), (1259, 511))]
[((855, 381), (944, 501)), ((1080, 392), (1199, 511))]
[((0, 376), (74, 450)), ((851, 381), (944, 501)), ((1080, 392), (1199, 511)), ((150, 434), (209, 493))]
[((851, 381), (944, 501)), ((1080, 392), (1199, 511))]
[((222, 376), (299, 451)), ((851, 381), (944, 476)), ((480, 392), (539, 451)), ((1080, 392), (1199, 511))]
[((180, 350), (269, 409)), ((814, 381), (944, 476)), ((1080, 392), (1199, 511)), ((210, 413), (269, 472))]
[((180, 350), (259, 451)), ((270, 350), (359, 439)), ((855, 381), (944, 501)), ((1080, 392), (1199, 511))]
[((45, 350), (359, 470)), ((855, 381), (944, 501)), ((1080, 392), (1199, 511))]
[((0, 350), (333, 472)), ((851, 381), (999, 501)), ((1080, 392), (1199, 511))]
[((0, 350), (222, 493)), ((810, 381), (999, 511)), ((1080, 392), (1199, 511)), ((450, 413), (509, 472))]
[((0, 350), (299, 472)), ((810, 381), (999, 501)), ((1080, 392), (1199, 511)), ((111, 480), (185, 554)), ((360, 560), (419, 619))]
[((0, 350), (209, 472)), ((810, 381), (1049, 511)), ((1080, 392), (1199, 511)), ((0, 476), (119, 595)), ((420, 518), (479, 577))]
[((0, 350), (179, 470)), ((405, 381), (494, 472)), ((851, 381), (1036, 501)), ((240, 392), (299, 451)), ((1080, 392), (1199, 511)), ((360, 560), (419, 619))]
[((0, 350), (209, 469)), ((1230, 350), (1279, 409)), ((840, 381), (959, 511)), ((1080, 392), (1199, 511)), ((407, 402), (569, 535))]
[((60, 350), (259, 470)), ((810, 381), (1019, 511)), ((1080, 392), (1199, 511)), ((407, 402), (569, 535))]
[((0, 350), (239, 470)), ((840, 350), (1036, 511)), ((1080, 392), (1199, 511)), ((370, 402), (449, 476)), ((270, 412), (359, 501)), ((390, 474), (555, 598))]
[((0, 350), (185, 470)), ((810, 381), (1199, 511)), ((333, 402), (449, 493)), ((450, 480), (555, 556)), ((360, 560), (419, 619))]
[((0, 350), (179, 511)), ((840, 381), (1019, 511)), ((240, 392), (539, 619)), ((1080, 392), (1199, 511))]
[((0, 350), (539, 640)), ((840, 381), (1199, 511))]
[((120, 350), (481, 632)), ((960, 392), (1199, 511)), ((810, 402), (944, 502))]
[((810, 381), (944, 501)), ((60, 392), (509, 640)), ((960, 392), (1199, 511))]
[((810, 381), (1199, 511)), ((0, 392), (419, 535)), ((30, 539), (89, 598)), ((390, 539), (449, 598))]
[((840, 376), (1199, 511)), ((90, 392), (370, 595)), ((0, 434), (89, 514)), ((0, 558), (74, 632)), ((90, 560), (149, 619))]
[((810, 376), (1199, 511)), ((0, 392), (359, 563)), ((330, 558), (419, 640))]
[((0, 350), (314, 594)), ((810, 381), (1199, 511)), ((330, 581), (389, 640))]
[((840, 350), (959, 511)), ((0, 392), (359, 598)), ((1036, 392), (1214, 511))]
[((0, 350), (296, 637)), ((810, 381), (1214, 511)), ((450, 474), (584, 577)), ((370, 558), (444, 632))]
[((810, 350), (1019, 511)), ((0, 392), (239, 563)), ((1035, 392), (1214, 511)), ((360, 536), (449, 625))]
[((45, 376), (259, 511)), ((840, 381), (1214, 511)), ((360, 532), (481, 625))]
[((0, 350), (209, 556)), ((840, 350), (989, 511)), ((1020, 392), (1199, 511)), ((360, 539), (449, 619)), ((0, 581), (59, 640))]
[((30, 350), (239, 469)), ((814, 350), (989, 511)), ((1020, 392), (1214, 511)), ((444, 506), (518, 580))]
[((840, 350), (959, 502)), ((1035, 350), (1214, 501)), ((1230, 350), (1279, 409))]
[((111, 376), (185, 450)), ((840, 381), (944, 493)), ((1020, 381), (1214, 511)), ((330, 560), (389, 619))]
[((840, 350), (959, 511)), ((210, 392), (269, 451)), ((1020, 392), (1214, 511))]
[((840, 381), (1214, 511)), ((600, 434), (659, 493))]
[((840, 381), (989, 511)), ((30, 392), (89, 451)), ((1020, 392), (1214, 511))]
[((0, 381), (89, 470)), ((840, 381), (1214, 511)), ((270, 392), (329, 451))]
[((180, 392), (239, 451)), ((840, 392), (1214, 511))]
[((1230, 350), (1279, 409)), ((420, 371), (479, 430)), ((810, 392), (1214, 511))]
[((810, 392), (1214, 511))]
[((240, 392), (299, 451)), ((810, 392), (1221, 511)), ((510, 497), (569, 556))]
[((810, 392), (1221, 532))]
[((810, 350), (1259, 511))]
[((810, 381), (1221, 511))]
[((810, 381), (959, 511)), ((1020, 381), (1221, 511))]
[((840, 376), (1221, 511))]
[((840, 350), (959, 511)), ((990, 376), (1259, 511))]
[((840, 350), (959, 511)), ((990, 381), (1259, 511))]
[((810, 350), (959, 511)), ((990, 392), (1259, 511))]
[((840, 350), (1109, 511)), ((60, 392), (119, 451)), ((1125, 392), (1259, 511))]
[((840, 350), (959, 511)), ((1020, 392), (1259, 511))]
[((840, 350), (1019, 511)), ((30, 392), (89, 451)), ((1035, 392), (1259, 511))]
[((810, 350), (959, 511)), ((1020, 392), (1259, 511))]
[((840, 350), (959, 511)), ((0, 376), (74, 451)), ((111, 376), (185, 450)), ((1020, 392), (1259, 511))]
[((840, 350), (1259, 511)), ((0, 376), (222, 511))]
[((810, 350), (959, 511)), ((1020, 392), (1259, 511))]
[((840, 350), (959, 511)), ((1020, 392), (1259, 511))]
[((185, 376), (259, 450)), ((90, 381), (179, 470)), ((840, 381), (962, 511)), ((1035, 412), (1229, 514))]
[((840, 381), (962, 511)), ((1020, 392), (1259, 511))]
[((840, 381), (989, 511)), ((1020, 392), (1221, 511))]
[((840, 381), (1019, 511)), ((1140, 392), (1259, 511)), ((1035, 412), (1124, 501))]
[((840, 381), (959, 511)), ((1140, 392), (1259, 511))]
[((840, 371), (959, 511)), ((1140, 392), (1259, 511))]
[((840, 381), (959, 511)), ((150, 392), (209, 451)), ((1080, 434), (1139, 493)), ((1170, 434), (1229, 493))]
[((840, 381), (959, 511)), ((1080, 392), (1259, 511))]
[((1035, 350), (1259, 511)), ((111, 376), (185, 450)), ((840, 381), (959, 511))]
[((1020, 371), (1259, 511)), ((840, 381), (959, 511)), ((240, 392), (359, 511))]
[((840, 381), (959, 511)), ((1020, 392), (1259, 553))]
[((840, 381), (959, 511)), ((1073, 392), (1259, 511))]
[((840, 381), (959, 511)), ((1140, 392), (1259, 532))]
[((185, 376), (259, 450)), ((840, 381), (959, 511)), ((1020, 392), (1259, 532))]
[((840, 371), (959, 511)), ((1020, 392), (1259, 553))]
[((840, 371), (959, 511)), ((1020, 392), (1259, 553))]
[((135, 350), (299, 511)), ((840, 392), (959, 511)), ((1020, 392), (1259, 553))]
[((148, 376), (222, 450)), ((1073, 392), (1259, 532)), ((851, 402), (925, 476))]
[((111, 376), (209, 451)), ((1073, 392), (1259, 532)), ((810, 402), (929, 502))]
[((810, 371), (929, 502)), ((1073, 381), (1259, 532)), ((120, 392), (179, 451))]
[((111, 376), (185, 451)), ((1020, 376), (1259, 532)), ((810, 402), (925, 502))]
[((1020, 381), (1259, 532)), ((810, 392), (962, 511))]
[((1020, 350), (1259, 532)), ((810, 392), (962, 502))]
[((810, 381), (1259, 532)), ((450, 392), (509, 451))]
[((1020, 376), (1259, 532)), ((810, 392), (962, 502))]
[((30, 371), (89, 430)), ((810, 376), (989, 501)), ((1140, 376), (1259, 511)), ((999, 402), (1073, 476))]
[((1140, 376), (1259, 511)), ((30, 392), (89, 451)), ((810, 402), (925, 501)), ((999, 402), (1073, 476))]
[((0, 350), (209, 511)), ((1140, 381), (1259, 511)), ((810, 392), (925, 501)), ((999, 402), (1073, 476))]
[((0, 392), (89, 451)), ((1140, 392), (1259, 514)), ((810, 402), (925, 501)), ((999, 402), (1073, 476))]
[((0, 350), (111, 470)), ((1110, 371), (1259, 514)), ((810, 392), (925, 502)), ((999, 402), (1073, 476))]
[((810, 392), (925, 501)), ((1020, 392), (1259, 514))]
[((0, 350), (59, 409)), ((270, 350), (404, 439)), ((150, 371), (209, 430)), ((810, 381), (899, 501)), ((999, 392), (1259, 514))]
[((810, 376), (925, 501)), ((990, 381), (1259, 511))]
[((0, 350), (59, 409)), ((780, 376), (962, 511)), ((1020, 392), (1259, 511))]
[((120, 371), (179, 430)), ((810, 376), (925, 501)), ((1073, 376), (1259, 511))]
[((420, 371), (479, 430)), ((810, 376), (925, 501)), ((1036, 392), (1259, 511))]
[((810, 376), (925, 502)), ((1073, 381), (1259, 511))]
[((45, 350), (149, 439)), ((780, 376), (925, 511)), ((1020, 381), (1259, 511))]
[((74, 350), (148, 424)), ((780, 376), (962, 511)), ((1110, 392), (1259, 511))]
[((780, 381), (925, 511)), ((1050, 392), (1259, 532))]
[((37, 376), (111, 450)), ((810, 381), (925, 502)), ((1110, 392), (1259, 532))]
[((37, 350), (111, 424)), ((810, 376), (925, 501)), ((390, 392), (449, 451)), ((1050, 392), (1259, 532))]
[((0, 371), (89, 451)), ((810, 381), (899, 501)), ((390, 392), (449, 451)), ((1170, 443), (1259, 532))]
[((495, 350), (584, 439)), ((0, 376), (74, 450)), ((780, 376), (925, 511)), ((1140, 392), (1259, 532))]
[((0, 350), (179, 511)), ((780, 376), (899, 511)), ((1073, 392), (1279, 532))]
[((259, 376), (333, 450)), ((810, 376), (899, 501)), ((120, 392), (179, 451)), ((1080, 392), (1259, 511))]
[((1020, 350), (1279, 511)), ((810, 376), (899, 501))]
[((0, 376), (74, 450)), ((185, 376), (259, 450)), ((780, 376), (899, 511)), ((1073, 381), (1169, 501))]
[((225, 350), (314, 439)), ((481, 350), (555, 424)), ((810, 376), (899, 501)), ((1221, 376), (1279, 450)), ((1020, 381), (1199, 511))]
[((481, 350), (555, 424)), ((1020, 350), (1279, 511)), ((360, 371), (419, 430)), ((780, 376), (925, 511)), ((0, 392), (119, 511))]
[((780, 376), (925, 511)), ((1221, 376), (1279, 450)), ((0, 392), (149, 511)), ((1020, 392), (1199, 511))]
[((810, 376), (899, 501)), ((1221, 376), (1279, 450)), ((150, 392), (209, 451)), ((1080, 392), (1199, 511))]
[((180, 350), (299, 469)), ((360, 350), (419, 409)), ((780, 376), (899, 511)), ((1080, 392), (1199, 511))]
[((74, 376), (149, 451)), ((780, 376), (899, 511)), ((1080, 392), (1199, 511))]
[((810, 376), (899, 501)), ((1080, 392), (1259, 532))]
[((210, 376), (296, 451)), ((780, 381), (899, 511)), ((1080, 392), (1199, 511))]
[((185, 376), (259, 450)), ((780, 376), (899, 511)), ((1073, 392), (1259, 511))]
[((185, 376), (259, 450)), ((780, 381), (899, 511)), ((1080, 392), (1259, 511)), ((90, 413), (149, 472))]
[((450, 350), (539, 439)), ((780, 381), (899, 511)), ((1080, 392), (1259, 511))]
[((1080, 350), (1259, 501)), ((780, 381), (899, 511)), ((30, 392), (89, 451))]
[((270, 350), (404, 439)), ((1080, 350), (1279, 528)), ((0, 376), (74, 450)), ((780, 381), (899, 511))]
[((270, 350), (359, 439)), ((148, 376), (222, 451)), ((780, 381), (899, 511)), ((0, 392), (59, 451)), ((1080, 392), (1279, 528))]
[((780, 381), (899, 511)), ((1080, 392), (1199, 511)), ((585, 412), (674, 501)), ((1221, 454), (1279, 528))]
[((780, 381), (899, 511)), ((30, 392), (89, 451)), ((120, 392), (209, 472)), ((300, 392), (359, 451)), ((1080, 392), (1199, 511)), ((1221, 454), (1279, 528))]
[((0, 376), (74, 450)), ((111, 376), (185, 450)), ((780, 392), (899, 511)), ((1080, 392), (1199, 511))]
[((111, 376), (185, 450)), ((780, 392), (899, 511)), ((1110, 434), (1169, 493))]
[((30, 392), (89, 451)), ((780, 392), (899, 511)), ((1080, 412), (1169, 501)), ((1230, 455), (1279, 514))]
[((90, 392), (149, 451)), ((270, 392), (329, 451)), ((780, 392), (899, 511)), ((1080, 392), (1279, 514))]
[((0, 376), (74, 450)), ((259, 376), (333, 451)), ((780, 392), (899, 511)), ((1080, 392), (1279, 514))]
[((90, 371), (149, 430)), ((270, 392), (329, 451)), ((780, 392), (899, 511)), ((1080, 392), (1259, 511))]
[((60, 350), (179, 469)), ((259, 350), (333, 424)), ((780, 392), (899, 511)), ((1080, 392), (1259, 511))]
[((0, 350), (119, 469)), ((270, 350), (329, 409)), ((185, 376), (259, 450)), ((780, 392), (899, 511)), ((1080, 392), (1199, 511))]
[((222, 350), (359, 469)), ((780, 392), (899, 511)), ((1080, 392), (1221, 511))]
[((222, 371), (299, 451)), ((0, 376), (111, 450)), ((780, 392), (899, 511)), ((1080, 392), (1199, 532))]
[((0, 376), (74, 450)), ((240, 392), (299, 451)), ((780, 392), (899, 511)), ((1080, 392), (1199, 511))]
[((222, 350), (296, 424)), ((780, 392), (899, 511)), ((1080, 392), (1199, 511))]
[((222, 350), (296, 424)), ((810, 392), (899, 501)), ((1110, 413), (1169, 493))]
[((780, 381), (899, 511)), ((1080, 412), (1184, 502))]
[((180, 350), (296, 476)), ((780, 381), (899, 511)), ((1080, 392), (1199, 511))]
[((180, 350), (269, 470)), ((780, 392), (899, 511)), ((1080, 392), (1199, 511))]
[((180, 371), (239, 430)), ((780, 392), (899, 511)), ((1080, 412), (1184, 502))]
[((780, 392), (899, 511)), ((1110, 434), (1169, 493))]
[((180, 350), (239, 451)), ((780, 392), (899, 511)), ((1080, 412), (1169, 501))]
[((120, 350), (299, 470)), ((780, 392), (899, 511)), ((1080, 392), (1199, 511))]
[((111, 376), (299, 472)), ((780, 392), (899, 511))]
[((148, 376), (296, 451)), ((780, 392), (899, 511)), ((1080, 412), (1169, 501))]
[((135, 350), (224, 476)), ((60, 392), (119, 451)), ((780, 392), (899, 511)), ((1110, 428), (1184, 502))]
[((120, 371), (209, 451)), ((37, 376), (111, 450)), ((810, 412), (899, 501))]
[((90, 350), (185, 451)), ((810, 402), (899, 502)), ((1110, 428), (1184, 502))]
[((60, 350), (259, 470)), ((780, 392), (899, 511)), ((1147, 428), (1221, 502))]
[((120, 350), (239, 469)), ((780, 392), (899, 511)), ((1080, 392), (1199, 511))]
[((90, 371), (149, 451)), ((780, 392), (899, 511)), ((1080, 392), (1199, 511))]
[((30, 350), (149, 451)), ((810, 402), (899, 502))]
[((0, 350), (134, 476)), ((148, 376), (222, 451)), ((780, 392), (899, 511)), ((1080, 392), (1199, 511))]
[((0, 350), (111, 450)), ((148, 376), (222, 450)), ((780, 392), (899, 511)), ((1080, 392), (1199, 511))]
[((37, 376), (111, 450)), ((150, 392), (209, 451)), ((810, 412), (899, 502))]
[((0, 350), (179, 469)), ((1080, 392), (1214, 532)), ((810, 412), (899, 501))]
[((0, 350), (89, 451)), ((111, 376), (185, 450)), ((780, 381), (899, 511)), ((1080, 392), (1214, 532))]
[((0, 350), (74, 476)), ((90, 350), (185, 450)), ((240, 392), (359, 511)), ((810, 412), (899, 502)), ((1110, 413), (1199, 493))]
[((0, 392), (89, 451)), ((810, 412), (899, 502)), ((1125, 412), (1221, 502))]
[((0, 350), (119, 469)), ((1080, 392), (1221, 514)), ((810, 412), (899, 502)), ((210, 413), (269, 472))]
[((74, 376), (148, 450)), ((259, 376), (333, 450)), ((810, 412), (899, 501)), ((1125, 412), (1221, 502)), ((180, 413), (239, 472))]
[((0, 376), (74, 450)), ((810, 412), (899, 501)), ((1125, 412), (1221, 502)), ((150, 413), (209, 472))]
[((37, 376), (111, 450)), ((810, 402), (899, 501)), ((1125, 412), (1214, 501))]
[((0, 350), (134, 501)), ((180, 376), (269, 451)), ((810, 381), (899, 501)), ((1125, 412), (1221, 502))]
[((259, 376), (333, 450)), ((810, 412), (899, 502)), ((1125, 412), (1221, 502))]
[((1125, 371), (1259, 502)), ((148, 376), (259, 450)), ((810, 381), (899, 502))]
[((148, 376), (239, 451)), ((810, 412), (899, 502)), ((1147, 428), (1221, 502))]
[((150, 392), (209, 451)), ((810, 412), (899, 502)), ((1147, 428), (1221, 502))]
[((74, 376), (179, 451)), ((210, 376), (333, 451)), ((810, 412), (899, 502)), ((1147, 428), (1229, 528))]
[((111, 350), (239, 469)), ((1140, 392), (1259, 514)), ((810, 412), (899, 502)), ((960, 413), (1019, 472))]
[((111, 376), (185, 450)), ((1140, 392), (1259, 514)), ((810, 412), (899, 501))]
[((210, 371), (269, 430)), ((37, 376), (111, 450)), ((1140, 392), (1259, 514)), ((810, 412), (899, 501))]
[((111, 376), (185, 450)), ((810, 381), (899, 502)), ((30, 392), (89, 451)), ((1140, 392), (1259, 511))]
[((315, 350), (404, 439)), ((0, 376), (119, 451)), ((185, 376), (259, 450)), ((810, 381), (899, 502)), ((960, 392), (1079, 511)), ((1140, 392), (1259, 511))]
[((0, 376), (119, 451)), ((780, 392), (962, 511)), ((1170, 455), (1229, 514))]
[((0, 350), (119, 472)), ((810, 381), (962, 502)), ((180, 392), (239, 451)), ((1170, 455), (1229, 514))]
[((0, 350), (119, 472)), ((180, 371), (299, 451)), ((780, 381), (899, 511)), ((1170, 455), (1229, 514))]
[((0, 376), (89, 476)), ((780, 392), (899, 511))]
[((150, 350), (299, 472)), ((810, 381), (899, 502)), ((0, 402), (74, 476))]
[((0, 350), (74, 424)), ((120, 350), (239, 472)), ((810, 392), (899, 502)), ((1170, 443), (1259, 532))]
[((150, 371), (269, 451)), ((30, 376), (148, 472)), ((960, 392), (1079, 511)), ((810, 402), (899, 502)), ((1140, 434), (1259, 532))]
[((0, 376), (74, 450)), ((814, 402), (888, 502)), ((1170, 443), (1259, 532))]
[((120, 376), (259, 451)), ((1140, 392), (1259, 511)), ((814, 402), (888, 476))]
[((810, 381), (899, 476))]
[((780, 392), (899, 511))]
[((1140, 371), (1259, 511)), ((240, 392), (299, 451)), ((814, 392), (899, 476))]
[((810, 381), (899, 476)), ((1140, 392), (1259, 511))]
[((60, 371), (119, 430)), ((810, 381), (899, 502)), ((1170, 412), (1259, 514))]
[((810, 381), (899, 502)), ((1140, 392), (1259, 511))]
[((210, 376), (333, 451)), ((810, 381), (899, 502)), ((120, 413), (179, 472)), ((1184, 428), (1259, 514))]
[((180, 350), (269, 470)), ((810, 381), (899, 502)), ((1184, 428), (1259, 514)), ((30, 434), (89, 493))]
[((0, 350), (89, 451)), ((150, 376), (259, 451)), ((810, 381), (925, 502)), ((1184, 402), (1259, 514))]
[((0, 350), (119, 469)), ((180, 350), (299, 469)), ((810, 381), (899, 502)), ((1170, 412), (1259, 502))]
[((0, 350), (89, 451)), ((370, 376), (444, 450)), ((810, 381), (899, 502)), ((180, 392), (239, 451))]
[((0, 350), (119, 469)), ((135, 376), (224, 470)), ((780, 381), (899, 511))]
[((810, 381), (899, 476)), ((1221, 428), (1279, 502))]
[((0, 350), (119, 469)), ((333, 376), (407, 450)), ((135, 381), (224, 470)), ((810, 381), (899, 476)), ((1230, 455), (1279, 514))]
[((333, 376), (407, 450)), ((810, 381), (899, 502)), ((960, 392), (1079, 511))]
[((120, 350), (239, 469)), ((810, 381), (899, 476)), ((1080, 392), (1199, 511))]
[((120, 350), (314, 470)), ((1125, 350), (1258, 501)), ((333, 376), (407, 450)), ((810, 402), (899, 501))]
[((60, 350), (224, 469)), ((240, 392), (299, 451)), ((814, 392), (899, 476)), ((1125, 412), (1214, 501)), ((1221, 428), (1279, 514))]
[((74, 350), (259, 469)), ((814, 402), (888, 476)), ((1221, 428), (1279, 514))]
[((120, 350), (239, 469)), ((450, 371), (509, 430)), ((1050, 392), (1109, 451)), ((810, 402), (899, 501)), ((1125, 412), (1214, 501)), ((1230, 455), (1279, 514))]
[((148, 376), (259, 450)), ((814, 381), (944, 476)), ((0, 392), (59, 451)), ((1221, 428), (1279, 502))]
[((37, 350), (370, 469)), ((810, 402), (899, 501)), ((960, 413), (1019, 472)), ((1184, 428), (1279, 514))]
[((0, 350), (119, 469)), ((780, 392), (899, 511)), ((1221, 428), (1279, 528))]
[((45, 350), (179, 470)), ((780, 381), (899, 511)), ((1221, 428), (1279, 514))]
[((148, 376), (222, 450)), ((780, 392), (899, 511)), ((630, 412), (719, 501)), ((1230, 455), (1279, 514))]
[((0, 350), (119, 472)), ((814, 402), (888, 476)), ((450, 560), (509, 619))]
[((0, 350), (89, 450)), ((111, 376), (222, 450)), ((777, 392), (899, 511)), ((1230, 455), (1279, 514))]
[((0, 350), (239, 469)), ((780, 392), (899, 511)), ((1230, 455), (1279, 514))]
[((240, 350), (359, 469)), ((777, 392), (899, 511)), ((1230, 455), (1279, 514))]
[((222, 350), (359, 469)), ((777, 402), (888, 476))]
[((810, 402), (888, 476))]
[((0, 376), (185, 451)), ((780, 392), (899, 511))]
[((37, 350), (179, 469)), ((777, 392), (899, 511))]
[((0, 350), (148, 470)), ((810, 402), (888, 476))]
[((0, 376), (89, 451)), ((222, 376), (296, 450)), ((810, 402), (888, 476))]
[((0, 381), (89, 470)), ((180, 392), (239, 451)), ((810, 402), (925, 476))]
[((0, 350), (119, 469)), ((765, 381), (888, 476))]
[((0, 350), (119, 469)), ((148, 376), (222, 450)), ((777, 402), (869, 476)), ((444, 558), (518, 632))]
[((150, 392), (209, 451)), ((777, 402), (869, 476))]
[((150, 376), (259, 451)), ((777, 402), (869, 493))]
[((777, 402), (869, 476))]
[((777, 402), (851, 476)), ((480, 434), (599, 553)), ((1230, 455), (1279, 514)), ((420, 560), (509, 640))]
[((1073, 376), (1147, 450)), ((780, 413), (869, 472)), ((480, 434), (599, 553))]
[((37, 376), (149, 451)), ((480, 392), (659, 553)), ((1140, 392), (1259, 511)), ((777, 402), (851, 476))]
[((90, 392), (149, 451)), ((777, 402), (851, 476)), ((480, 434), (599, 553)), ((1170, 434), (1259, 493))]
[((222, 376), (296, 450)), ((1140, 392), (1259, 511)), ((777, 402), (851, 476)), ((480, 532), (555, 606))]
[((1080, 376), (1221, 476)), ((45, 381), (134, 470)), ((765, 402), (925, 501)), ((450, 560), (509, 619))]
[((420, 350), (539, 469)), ((210, 392), (269, 451)), ((777, 402), (851, 476)), ((1170, 434), (1279, 493)), ((444, 558), (518, 632))]
[((0, 350), (185, 469)), ((420, 350), (539, 469)), ((1184, 376), (1279, 502)), ((777, 402), (851, 476))]
[((60, 350), (179, 469)), ((333, 350), (407, 424)), ((420, 350), (539, 469)), ((1147, 376), (1279, 502)), ((765, 381), (854, 501))]
[((1230, 371), (1279, 430)), ((765, 376), (854, 501)), ((45, 381), (134, 470))]
[((1140, 350), (1279, 493)), ((765, 381), (854, 501)), ((240, 392), (299, 451))]
[((60, 350), (179, 469)), ((315, 350), (404, 439)), ((222, 376), (296, 450)), ((765, 381), (925, 476)), ((1080, 392), (1259, 511)), ((420, 581), (479, 640))]
[((765, 381), (854, 501)), ((1170, 402), (1259, 502))]
[((330, 350), (389, 409)), ((148, 376), (222, 450)), ((765, 381), (854, 501)), ((1110, 402), (1259, 502))]
[((960, 350), (1259, 511)), ((765, 381), (854, 476)), ((480, 434), (599, 553))]
[((111, 376), (185, 450)), ((1140, 392), (1259, 511)), ((765, 402), (854, 501))]
[((0, 350), (119, 469)), ((1147, 371), (1279, 502)), ((185, 376), (259, 450)), ((765, 402), (854, 501))]
[((180, 350), (299, 469)), ((1140, 376), (1259, 511)), ((0, 381), (89, 470)), ((765, 381), (854, 476)), ((420, 476), (539, 632))]
[((60, 350), (370, 469)), ((765, 381), (854, 476)), ((1140, 392), (1279, 511))]
